3 12 23 2 13 24
17 36 38 18 37 39
25 28 23 31 35 40
13 21 1 12 22 42
32 31 44 38 40 53
8 3 19 8 44 60
34 8 20 39 49 61
10 9 63 10 10 64
1 30 66 1 31 67
27 35 67 33 36 68
2 41 67 2 42 68
16 60 69 17 61 70
38 27 51 45 46 70
20 55 70 24 56 71
6 10 73 4 11 74
56 53 55 68 72 74
24 15 35 27 56 76
33 38 25 38 67 80
5 36 10 3 59 85
29 40 85 34 41 86
11 63 85 11 64 86
35 84 85 40 85 86
30 22 7 34 73 88
12 48 16 12 57 89
18 81 91 19 82 92
72 15 12 86 90 93
14 29 94 16 30 95
47 9 14 55 90 95
4 63 97 2 64 98
64 40 57 79 81 98
28 15 58 34 56 99
