147 0 8 177
194 99 15 234
196 99 32 236
233 99 83 283
256 0 98 319
278 0 92 347
514 99 24 644
516 0 28 646
522 99 25 654
528 99 56 662
540 0 58 676
545 0 59 681
588 0 58 735
657 99 17 827
683 49 98 857
700 68 74 877
726 78 92 909
731 96 27 914
733 97 40 916
741 83 68 927
743 98 49 929
745 87 53 931
747 93 25 933
751 91 19 937
753 98 37 940
754 65 29 941
757 87 92 944
760 98 90 949
763 98 47 955
764 76 32 956
765 69 36 957
767 66 99 960
768 90 31 961
769 90 78 962
770 0 62 964
771 68 58 965
773 88 74 968
775 59 25 972
777 92 20 974
778 60 26 975
779 48 68 978
781 91 63 981
783 78 25 984
784 56 69 986
785 76 35 987
786 35 13 988
787 58 47 989
788 20 48 990
790 58 25 993
792 8 36 998
793 8 48 999
