10 -1 1 0
9855 11 0 996 999
6 1 12 6
5612 0 6 567 994
5614 0 11 567 994
5615 0 7 567 994
5617 0 7 567 994
5619 0 8 568 994
5623 0 7 568 994
5630 0 7 569 994
5632 0 6 569 994
5635 0 7 570 994
5637 0 11 570 994
5644 0 9 571 994
9863 5 7 997 999
10 1 2 10
9213 1 10 931 991
9885 8 10 998 998
6 -1 15 6
9740 11 0 984 995
9748 11 1 985 995
9755 11 1 986 995
9785 11 0 988 995
9788 11 0 988 995
9817 11 3 992 995
9821 11 4 992 995
9822 11 0 992 995
9834 11 6 994 995
9842 11 2 994 995
9751 10 0 985 996
9786 10 4 988 996
9800 9 0 990 997
9819 9 0 992 997
9783 7 0 988 999
